[gd_scene load_steps=10 format=3 uid="uid://j3wkv2enaxu4"]

[ext_resource type="PackedScene" uid="uid://dfvup7v6vwpjx" path="res://ScenePrefabs/Enemies/CultistBody.tscn" id="1_jrwgq"]
[ext_resource type="Script" path="res://Code/Helpers/SetTarget.gd" id="1_uydd8"]
[ext_resource type="Script" path="res://Code/Enemies/BasicEnemyNavigationAgent.gd" id="2_p71tf"]
[ext_resource type="Script" path="res://Code/Enemies/Damageable.gd" id="3_mn57c"]
[ext_resource type="PackedScene" uid="uid://cfgwxv8foypvp" path="res://ScenePrefabs/Effects/ImpactEffectEnemy.tscn" id="4_hufux"]
[ext_resource type="Script" path="res://Code/Enemies/LimbPlacementController.gd" id="5_agwod"]
[ext_resource type="Script" path="res://Code/Enemies/Limb.gd" id="6_7ckyj"]
[ext_resource type="PackedScene" uid="uid://j77k7mguihs6" path="res://ScenePrefabs/PointofInterest.tscn" id="8_f1j4f"]

[sub_resource type="SphereShape3D" id="SphereShape3D_iqvbu"]
radius = 1.2

[node name="Cultist" type="Node3D" node_paths=PackedStringArray("agent")]
script = ExtResource("1_uydd8")
agent = NodePath("RollerBall")

[node name="CultistBody" parent="." instance=ExtResource("1_jrwgq")]
transform = Transform3D(1.5, 0, 0, 0, 1.5, 0, 0, 0, 1.5, 0, 2.38419e-07, -7.45058e-09)

[node name="Chest" parent="CultistBody/CultistRig/Skeleton3D" index="2"]
transform = Transform3D(1, 0, 0, 0, 0.850692, 0.525643, 0, -0.525643, 0.850692, 0, 1.29442, -0.0556068)
joint_offset = Transform3D(1, 0, 0, 0, 1, 0, 0, 0, 1, 0, -4.2835e-05, 0.00111517)
body_offset = Transform3D(1, 0, 0, 0, 0.865357, 0.501133, 0, -0.501133, 0.865357, 0, -0.000521779, -0.000986483)

[node name="Hips" parent="CultistBody/CultistRig/Skeleton3D" index="3"]
transform = Transform3D(1, 2.39107e-07, -2.66454e-13, -3.79287e-08, 0.161186, 0.987275, 2.35382e-07, -1.00035, 0.159089, -3.38744e-08, 1.13894, -0.0815266)
joint_offset = Transform3D(1, 0, 0, 0, 1, 0, 0, 0, 1, 3.38748e-08, -1.71697e-06, 0.156829)
body_offset = Transform3D(1, -2.47123e-09, 3.09086e-13, -1.3145e-13, 7.7039e-06, -1.00001, 5.68434e-13, 1.01325, -2.39909e-06, -3.38749e-08, 0.156831, 2.11596e-06)

[node name="thigh_L" parent="CultistBody/CultistRig/Skeleton3D" index="4"]
transform = Transform3D(0.994512, -0.00465396, -0.104518, 0.104394, -0.0222458, 0.994258, -0.00695228, -0.999742, -0.0216369, 0.112732, 0.795002, -0.0595687)
joint_offset = Transform3D(1, 0, 0, 0, 1, 0, 0, 0, 1, 2.99071e-07, -1.52111e-08, 0.240662)
body_offset = Transform3D(1, -2.64496e-07, -1.28188e-07, -7.95902e-07, -8.3819e-08, -0.999971, -3.72529e-09, 1, -4.32134e-07, -2.68221e-07, 0.240655, 1.19209e-07)

[node name="shin_L" parent="CultistBody/CultistRig/Skeleton3D" index="5"]
transform = Transform3D(0.993143, -0.00434031, -0.116826, 0.116411, 0.128371, 0.98487, 0.0107417, -0.991717, 0.127992, 0.163048, 0.343596, -0.0819317)
joint_offset = Transform3D(1, 0, 0, 0, 1, 0, 0, 0, 1, 1.03724e-06, -1.64613e-07, 0.215404)
body_offset = Transform3D(1, -1.94134e-05, -8.03033e-07, -2.19326e-07, -3.71039e-06, -1, -4.93601e-08, 1, 6.25849e-07, -8.64267e-07, 0.215404, 2.98023e-08)

[node name="foot_L" parent="CultistBody/CultistRig/Skeleton3D" index="6"]
transform = Transform3D(0.958756, -0.0193293, -0.283611, 0.203225, -0.651286, 0.731227, -0.198763, -0.758882, -0.620381, 0.210551, 0.0738617, -0.0606431)
joint_offset = Transform3D(1, 0, 0, 0, 1, 0, 0, 0, 1, -1.31726e-06, 9.80629e-08, 0.0787564)
body_offset = Transform3D(1.00001, -5.16474e-05, -4.91738e-07, 4.17233e-07, -3.91304e-05, -1, -1.63913e-07, 1.00022, 2.68221e-07, 1.35601e-06, 0.0787564, -1.19209e-07)

[node name="thigh_R" parent="CultistBody/CultistRig/Skeleton3D" index="7"]
transform = Transform3D(0.994512, 0.00465366, 0.104521, -0.104393, -0.0222453, 0.994294, 0.00695216, -0.999742, -0.0216381, -0.11274, 0.794971, -0.0595493)
joint_offset = Transform3D(1, 0, 0, 0, 1, 0, 0, 0, 1, 3.67666e-06, 1.8612e-05, 0.240686)
body_offset = Transform3D(1, -9.96515e-08, -6.02784e-07, 1.30225e-07, -5.84871e-07, -1.00001, 1.13621e-07, 1, -4.84288e-08, -3.53158e-06, 0.240688, -1.86004e-05)

[node name="shin_R" parent="CultistBody/CultistRig/Skeleton3D" index="8"]
transform = Transform3D(0.993143, 0.00432083, 0.116826, -0.116411, 0.12837, 0.984869, -0.0107416, -0.991717, 0.127992, -0.161156, 0.373263, -0.0793285)
joint_offset = Transform3D(1, 0, 0, 0, 1, 0, 0, 0, 1, 0.00160188, -0.00123483, 0.185632)
body_offset = Transform3D(1, 1.44355e-07, 7.97445e-07, -2.29338e-08, -7.45058e-07, -0.999999, -1.86265e-09, 1, -1.19209e-07, -0.00160202, 0.185632, 0.00123485)

[node name="foot_R" parent="CultistBody/CultistRig/Skeleton3D" index="9"]
transform = Transform3D(0.958766, 0.0193407, 0.28361, -0.203225, -0.651279, 0.731227, 0.198763, -0.758895, -0.62038, -0.21055, 0.0738655, -0.0606371)
joint_offset = Transform3D(1, 0, 0, 0, 1, 0, 0, 0, 1, -1.70782e-08, 7.13367e-06, 0.0787571)
body_offset = Transform3D(1.00002, 5.84573e-05, 2.23517e-08, -4.24683e-06, -5.59092e-05, -1, 8.34465e-07, 1.00023, 2.98023e-08, 1.49012e-08, 0.0787571, -7.13766e-06)

[node name="Neck" parent="CultistBody/CultistRig/Skeleton3D" index="10"]
transform = Transform3D(1, -7.05943e-07, 4.11646e-07, -7.91399e-07, -0.587553, 0.809191, -3.74102e-07, -0.809188, -0.587554, -2.2352e-07, 1.5897, -0.0448624)
joint_offset = Transform3D(1, 0, 0, 0, 1, 0, 0, 0, 1, 2.10263e-07, 9.48831e-06, 0.0322206)
body_offset = Transform3D(1, -7.05943e-07, 4.11646e-07, -8.7358e-07, -0.844555, 0.535475, -5.58789e-08, -0.535473, -0.844556, -2.2352e-07, -0.0172453, 0.0272171)

[node name="Head" parent="CultistBody/CultistRig/Skeleton3D" index="11"]
transform = Transform3D(1.00011, -5.68398e-07, 2.98023e-08, -5.1581e-08, -5.60284e-06, -1.00003, 1.26832e-07, 1.00003, 1.50998e-06, 2.16073e-06, 1.59417, -0.0258951)
joint_offset = Transform3D(1, 0, 0, 0, 1, 0, 0, 0, 1, -2.16609e-06, -0.0141301, -0.0815233)
body_offset = Transform3D(1.00011, -5.68398e-07, 2.98023e-08, -2.70084e-08, 0.186599, -0.982469, 1.34229e-07, 0.982465, 0.186607, 2.16073e-06, -0.0774574, 0.0290951)

[node name="shoulder_L" parent="CultistBody/CultistRig/Skeleton3D" index="12"]
transform = Transform3D(0.473865, -0.0863731, -0.876859, 0.357377, 0.930247, 0.101622, 0.805005, -0.360931, 0.471237, 0.104134, 1.55239, -0.0324551)
joint_offset = Transform3D(1, 0, 0, 0, 1, 0, 0, 0, 1, 0.000610529, 0.00151074, 0.0986034)
body_offset = Transform3D(0.934094, -0.354951, -0.0385033, 1.3411e-06, 0.108051, -0.994776, 0.357446, 0.930283, 0.101051, 0.0037625, 0.0979251, -0.0115876)

[node name="upper_arm_L" parent="CultistBody/CultistRig/Skeleton3D" index="13"]
transform = Transform3D(-0.305988, -0.0204901, -0.951815, -0.951893, -0.0107198, 0.306244, -0.0164685, 0.999892, -0.0162208, 0.345801, 1.49402, -0.0760599)
joint_offset = Transform3D(1, 0, 0, 0, 1, 0, 0, 0, 1, 2.00842e-07, -1.56551e-08, 0.16337)
body_offset = Transform3D(1, 4.79631e-06, 2.30008e-07, -2.21917e-07, -8.36328e-07, -1, 2.27988e-06, 1.00016, -4.09782e-08, -2.38419e-07, 0.16337, 2.23517e-08)

[node name="forearm_L" parent="CultistBody/CultistRig/Skeleton3D" index="14"]
transform = Transform3D(-0.182149, -0.118996, -0.976044, -0.981561, -0.0364987, 0.187626, -0.0579514, 0.992224, -0.110154, 0.654149, 1.41461, -0.0561595)
joint_offset = Transform3D(1, 0, 0, 0, 1, 0, 0, 0, 1, 5.07309e-07, -1.02874e-07, 0.156602)
body_offset = Transform3D(0.999999, 1.04308e-07, -2.47825e-06, -4.26266e-06, 7.45058e-09, -1, -1.82539e-07, 1, -1.04308e-07, -1.19209e-07, 0.156602, 1.19209e-07)

[node name="hand_L" parent="CultistBody/CultistRig/Skeleton3D" index="15"]
transform = Transform3D(0.388708, 0.491545, -0.779876, 0.919952, -0.272744, 0.285218, -0.0724955, -0.82718, -0.557377, 0.825269, 1.37855, -0.0258526)
joint_offset = Transform3D(1, 0, 0, 0, 1, 0, 0, 0, 1, -2.1304e-06, 3.6601e-07, 0.0234251)
body_offset = Transform3D(-1.00004, 0.0441457, 0.0251445, 0.000389577, 0.49547, -0.868797, -0.050801, -0.867636, -0.494756, -0.000591159, 0.0203515, 0.0115899)

[node name="shoulder_R" parent="CultistBody/CultistRig/Skeleton3D" index="16"]
transform = Transform3D(0.473865, 0.0863731, 0.876859, -0.357377, 0.930247, 0.101622, -0.805005, -0.360931, 0.471237, -0.104134, 1.55239, -0.0324551)
joint_offset = Transform3D(1, 0, 0, 0, 1, 0, 0, 0, 1, -0.000610529, 0.00151074, 0.0986034)
body_offset = Transform3D(0.934094, 0.354951, 0.0385033, -1.3411e-06, 0.108051, -0.994776, -0.357446, 0.930283, 0.101051, -0.0037625, 0.0979251, -0.0115876)

[node name="upper_arm_R" parent="CultistBody/CultistRig/Skeleton3D" index="17"]
transform = Transform3D(-0.305988, 0.0204901, 0.951815, 0.951893, -0.0107198, 0.306244, 0.0164685, 0.999892, -0.0162208, -0.345801, 1.49402, -0.0760599)
joint_offset = Transform3D(1, 0, 0, 0, 1, 0, 0, 0, 1, -2.00842e-07, -1.56551e-08, 0.16337)
body_offset = Transform3D(1, -4.79631e-06, -2.30008e-07, 2.21917e-07, -8.36328e-07, -1, -2.27988e-06, 1.00016, -4.09782e-08, 2.38419e-07, 0.16337, 2.23517e-08)

[node name="forearm_R" parent="CultistBody/CultistRig/Skeleton3D" index="18"]
transform = Transform3D(-0.182149, 0.118996, 0.976044, 0.981561, -0.0364987, 0.187626, 0.0579514, 0.992224, -0.110154, -0.654149, 1.41461, -0.0561595)
joint_offset = Transform3D(1, 0, 0, 0, 1, 0, 0, 0, 1, -5.07309e-07, -1.02874e-07, 0.156602)
body_offset = Transform3D(0.999999, -1.04308e-07, 2.47825e-06, 4.26266e-06, 7.45058e-09, -1, 1.82539e-07, 1, -1.04308e-07, 1.19209e-07, 0.156602, 1.19209e-07)

[node name="hand_R" parent="CultistBody/CultistRig/Skeleton3D" index="19"]
transform = Transform3D(0.388708, -0.491545, 0.779876, -0.919952, -0.272744, 0.285218, 0.0724955, -0.82718, -0.557377, -0.825269, 1.37855, -0.0258526)
joint_offset = Transform3D(1, 0, 0, 0, 1, 0, 0, 0, 1, 2.1304e-06, 3.6601e-07, 0.0234251)
body_offset = Transform3D(-1.00004, -0.0441457, -0.0251445, -0.000389577, 0.49547, -0.868797, 0.050801, -0.867636, -0.494756, 0.000591159, 0.0203515, 0.0115899)

[node name="Hand_R_IK" parent="CultistBody/CultistRig/Skeleton3D" index="20"]
target_node = NodePath("../../../../RightHandTargetContainer/Hand_R_Target")

[node name="Hand_L_IK" parent="CultistBody/CultistRig/Skeleton3D" index="21"]
target_node = NodePath("../../../../LeftHandTargetContainer/Hand_L_Target")

[node name="Foot_R_IK" parent="CultistBody/CultistRig/Skeleton3D" index="22"]
target_node = NodePath("../../../../RightFootTargetContainer/Foot_R_Target")

[node name="Foot_L_IK" parent="CultistBody/CultistRig/Skeleton3D" index="23"]
target_node = NodePath("../../../../LeftFootTargetContainer/Foot_L_Target")

[node name="Head_IK" parent="CultistBody/CultistRig/Skeleton3D" index="24"]
target_node = NodePath("../../../../HeadMarkerContainer/HeadTarget")

[node name="RollerBall" type="RigidBody3D" parent="." node_paths=PackedStringArray("NavigationAgent")]
transform = Transform3D(1, 0, 0, 0, 0.998388, 0.0567625, 0, -0.0567625, 0.998388, 0, 0, 0)
collision_layer = 8
collision_mask = 9
mass = 2.0
gravity_scale = 1.2
angular_damp = 0.5
script = ExtResource("2_p71tf")
MaximumVelocity = 3.0
VelocityChange = 3.0
NavigationAgent = NodePath("NavigationAgent3D")

[node name="CollisionShape3D" type="CollisionShape3D" parent="RollerBall"]
transform = Transform3D(0.695005, 0, 0, 0, 0.695005, 0, 0, 0, 0.695005, 0, 0, 0)
shape = SubResource("SphereShape3D_iqvbu")

[node name="NavigationAgent3D" type="NavigationAgent3D" parent="RollerBall"]
path_desired_distance = 4.0
avoidance_enabled = true

[node name="Damageable" type="Node" parent="RollerBall"]
script = ExtResource("3_mn57c")
ImpactEffect = ExtResource("4_hufux")

[node name="LimbPlacementController" type="Node" parent="." node_paths=PackedStringArray("Skeleton", "ChestBone", "HeadIKSolver", "ChestTargetPoint", "ChestTargetContainer", "HeadTargetContainer", "EnemyBody", "LimbRaycast", "CurrentLimbs")]
script = ExtResource("5_agwod")
Skeleton = NodePath("../CultistBody/CultistRig/Skeleton3D")
ChestBone = NodePath("../CultistBody/CultistRig/Skeleton3D/Chest")
HeadIKSolver = NodePath("../CultistBody/CultistRig/Skeleton3D/Head_IK")
ChestTargetPoint = NodePath("../ChestMarkerContainer/ChestTarget")
ChestTargetContainer = NodePath("../ChestMarkerContainer")
HeadTargetContainer = NodePath("../HeadMarkerContainer")
JumpVelocity = 7.0
StepBouncePower = 5.0
TorsoBounceVisualStrength = 0.2
TorsoLerpSpeed = 12.0
TorsoRotationLerpSpeed = 8.0
HeadRotationLerpSpeed = 2.0
EnemyBody = NodePath("../RollerBall")
LimbRaycast = NodePath("../LimbPlacementRaycast")
BodyLength = 1.0
TargetOffsetDown = 2.5
CurrentLimbs = [NodePath("../LeftHand_Limb"), NodePath("../RightHand_Limb"), NodePath("../LeftFoot_Limb"), NodePath("../RightFoot_Limb")]
VelocityAccountingMultiplier = 0.45

[node name="RightHand_Limb" type="Node" parent="." node_paths=PackedStringArray("LimbIKContainer", "Skeleton", "LimbIKSolver")]
script = ExtResource("6_7ckyj")
LimbIKContainer = NodePath("../RightHandTargetContainer")
Skeleton = NodePath("../CultistBody/CultistRig/Skeleton3D")
LimbIKSolver = NodePath("../CultistBody/CultistRig/Skeleton3D/Hand_R_IK")
LimbIKMagnetOffset = Vector3(1, 1, 0.5)
LimbIKTargetOffset = Vector3(0, 0.1, 0)
AllowedIKInaccuracies = 0.5
EnemyBodyOriginVelocityBias = 0.7
EnemyBodyDesiredVelocityBias = 0.5
ThisLimb = 1
TargetPointOffsetMinimumDistance = 0.3
ControlPointOffsetMinimumDistance = 1.5
ControlPointOffset = 0.4
BlendSpeed = 3.5
MinimumMovementDistance = 0.4

[node name="LeftHand_Limb" type="Node" parent="." node_paths=PackedStringArray("LimbIKContainer", "Skeleton", "LimbIKSolver")]
script = ExtResource("6_7ckyj")
LimbIKContainer = NodePath("../LeftHandTargetContainer")
Skeleton = NodePath("../CultistBody/CultistRig/Skeleton3D")
LimbIKSolver = NodePath("../CultistBody/CultistRig/Skeleton3D/Hand_L_IK")
LimbIKMagnetOffset = Vector3(-1, 1, 0.5)
LimbIKTargetOffset = Vector3(0, 0.1, 0)
AllowedIKInaccuracies = 0.5
EnemyBodyOriginVelocityBias = 0.7
EnemyBodyDesiredVelocityBias = 0.5
TargetPointOffsetMinimumDistance = 0.3
ControlPointOffsetMinimumDistance = 1.5
ControlPointOffset = 0.4
BlendSpeed = 3.5
MinimumMovementDistance = 0.4

[node name="RightFoot_Limb" type="Node" parent="." node_paths=PackedStringArray("LimbIKContainer", "Skeleton", "LimbIKSolver")]
script = ExtResource("6_7ckyj")
LimbIKContainer = NodePath("../RightFootTargetContainer")
Skeleton = NodePath("../CultistBody/CultistRig/Skeleton3D")
LimbIKSolver = NodePath("../CultistBody/CultistRig/Skeleton3D/Foot_R_IK")
LimbIKMagnetOffset = Vector3(1, 0.5, -1)
LimbIKTargetOffset = Vector3(0, 0.15, 0)
AllowedIKInaccuracies = 0.5
EnemyBodyOriginVelocityBias = 0.7
EnemyBodyDesiredVelocityBias = 0.9
ThisLimb = 3
TargetPointOffsetMinimumDistance = 0.4
ControlPointOffsetMinimumDistance = 1.5
ControlPointOffset = 0.25
BlendSpeed = 4.5

[node name="LeftFoot_Limb" type="Node" parent="." node_paths=PackedStringArray("LimbIKContainer", "Skeleton", "LimbIKSolver")]
script = ExtResource("6_7ckyj")
LimbIKContainer = NodePath("../LeftFootTargetContainer")
Skeleton = NodePath("../CultistBody/CultistRig/Skeleton3D")
LimbIKSolver = NodePath("../CultistBody/CultistRig/Skeleton3D/Foot_L_IK")
LimbIKMagnetOffset = Vector3(-1, 0.5, -1)
LimbIKTargetOffset = Vector3(0, 0.15, 0)
AllowedIKInaccuracies = 0.5
EnemyBodyOriginVelocityBias = 0.7
EnemyBodyDesiredVelocityBias = 0.9
ThisLimb = 2
TargetPointOffsetMinimumDistance = 0.4
ControlPointOffsetMinimumDistance = 1.5
ControlPointOffset = 0.25
BlendSpeed = 4.5

[node name="LimbPlacementRaycast" type="RayCast3D" parent="."]

[node name="ChestMarkerContainer" type="Marker3D" parent="."]
transform = Transform3D(-1, 0, -8.74228e-08, 8.74228e-08, -4.37114e-08, -1, -3.82137e-15, -1, 4.37114e-08, 0, 0, 0)

[node name="ChestTarget" type="Node3D" parent="ChestMarkerContainer"]
transform = Transform3D(-1, 8.74217e-08, 0, 3.82137e-15, 4.37109e-08, -0.999988, -8.74228e-08, -0.999988, -4.37109e-08, 0, 0, 0)

[node name="FlashlightPoint" parent="ChestMarkerContainer" instance=ExtResource("8_f1j4f")]
priority = 3

[node name="HeadMarkerContainer" type="Marker3D" parent="."]
transform = Transform3D(-1, 8.74228e-08, 3.28405e-15, 8.74228e-08, 1, -1.06581e-14, -7.10543e-15, -1.06581e-14, -1, 0, 0, 0)

[node name="HeadTarget" type="Node3D" parent="HeadMarkerContainer"]
transform = Transform3D(-1, 3.50013e-29, -8.74217e-08, 9.31761e-22, 0.999988, 8.47033e-21, 8.74228e-08, 6.77626e-21, -0.999988, -1.45482e-07, -1.69407e-21, -1.66412)

[node name="RightHandTargetContainer" type="Marker3D" parent="."]
transform = Transform3D(1, 0, 0, 0, 0.999988, 0, 0, 0, 0.999988, 0, 0, 0)

[node name="Hand_R_Target" type="Node3D" parent="RightHandTargetContainer"]
transform = Transform3D(1.91069e-15, 4.37114e-08, -1, 1, -4.37114e-08, 0, -4.37114e-08, -1, -4.37114e-08, 0, 0, 0)

[node name="LeftHandTargetContainer" type="Marker3D" parent="."]
transform = Transform3D(-4.37114e-08, 0, -0.999988, 0, 0.999988, 0, 1, 0, -4.37109e-08, 0, 0, 0)

[node name="Hand_L_Target" type="Node3D" parent="LeftHandTargetContainer"]
transform = Transform3D(1.91069e-15, -4.37112e-08, 1, -1, -4.37112e-08, 0, 4.37115e-08, -0.999995, -4.37115e-08, 0, 0, 0)

[node name="RightFootTargetContainer" type="Marker3D" parent="."]
transform = Transform3D(1, 0, 0, 0, 0.999998, 0, 0, 0, 0.999998, 0, 0, 0)

[node name="Foot_R_Target" type="Node3D" parent="RightFootTargetContainer"]
transform = Transform3D(-4.37114e-08, -0.766044, 0.642788, 0, -0.642788, -0.766044, 1, -3.34849e-08, 2.80971e-08, 0, 0, 0)

[node name="LeftFootTargetContainer" type="Marker3D" parent="."]
transform = Transform3D(1, 0, 0, 0, 0.999998, 0, 0, 0, 0.999998, 0, 0, 0)

[node name="Foot_L_Target" type="Node3D" parent="LeftFootTargetContainer"]
transform = Transform3D(-4.37114e-08, 0.766044, -0.642788, 0, -0.642788, -0.766044, -1, -3.34849e-08, 2.80971e-08, 0, 0, 0)

[editable path="CultistBody"]
