[gd_scene load_steps=9 format=3 uid="uid://j3wkv2enaxu4"]

[ext_resource type="PackedScene" uid="uid://cb3r0jx5hl7iy" path="res://ScenePrefabs/Enemies/CultistBody.tscn" id="1_jrwgq"]
[ext_resource type="Script" path="res://Code/Helpers/SetTarget.gd" id="1_uydd8"]
[ext_resource type="Script" path="res://Code/Enemies/BasicEnemyNavigationAgent.gd" id="2_p71tf"]
[ext_resource type="Script" path="res://Code/Enemies/Damageable.gd" id="3_mn57c"]
[ext_resource type="PackedScene" uid="uid://cfgwxv8foypvp" path="res://ScenePrefabs/Effects/ImpactEffectEnemy.tscn" id="4_hufux"]
[ext_resource type="Script" path="res://Code/Enemies/LimbPlacementController.gd" id="5_agwod"]
[ext_resource type="Script" path="res://Code/Enemies/Limb.gd" id="6_7ckyj"]

[sub_resource type="SphereShape3D" id="SphereShape3D_iqvbu"]
radius = 1.01062

[node name="Cultist" type="Node3D"]
script = ExtResource("1_uydd8")
agent = null

[node name="CultistBody" parent="." instance=ExtResource("1_jrwgq")]
transform = Transform3D(1.5, 0, 0, 0, 1.5, 0, 0, 0, 1.5, 0, 2.38419e-07, -7.45058e-09)

[node name="Chest" parent="CultistBody/CultistRig/Skeleton3D" index="2"]
transform = Transform3D(1, 0, 0, 0, 0.850691, 0.525643, 0, -0.525643, 0.850691, 0, 1.29442, -0.0556068)
joint_offset = Transform3D(1, 0, 0, 0, 1, 0, 0, 0, 1, 0, -4.28352e-05, 0.00111517)
body_offset = Transform3D(1, 0, 0, 0, 0.865357, 0.501133, 0, -0.501133, 0.865357, 0, -0.000521779, -0.000986483)

[node name="Hips" parent="CultistBody/CultistRig/Skeleton3D" index="3"]
transform = Transform3D(1, 2.38932e-07, -2.66454e-13, -3.79287e-08, 0.160638, 0.987275, 2.35382e-07, -0.996902, 0.159089, -4.0999e-10, 1.13892, -0.0815277)
joint_offset = Transform3D(1, 0, 0, 0, 1, 0, 0, 0, 1, 4.10007e-10, 1.02396e-07, 0.156848)
body_offset = Transform3D(1, -1.81346e-09, 3.01981e-13, -1.3145e-13, 4.61936e-07, -1.00001, 5.68434e-13, 1.00976, -2.36928e-06, -4.10054e-10, 0.156849, 2.68221e-07)

[node name="thigh_L" parent="CultistBody/CultistRig/Skeleton3D" index="4"]
transform = Transform3D(0.994512, -0.00465396, -0.104518, 0.104394, -0.0222458, 0.994258, -0.00695228, -0.999742, -0.0216369, 0.112732, 0.795002, -0.0595687)
joint_offset = Transform3D(1, 0, 0, 0, 1, 0, 0, 0, 1, 2.09664e-07, -1.89363e-08, 0.240662)
body_offset = Transform3D(1, -2.64496e-07, -1.28188e-07, -7.95902e-07, -8.3819e-08, -0.999971, -3.72529e-09, 1, -4.32134e-07, -1.78814e-07, 0.240655, 1.22935e-07)

[node name="shin_L" parent="CultistBody/CultistRig/Skeleton3D" index="5"]
transform = Transform3D(0.993143, -0.00434033, -0.116826, 0.116411, 0.128371, 0.984871, 0.0107417, -0.991721, 0.127992, 0.163048, 0.343596, -0.0819318)
joint_offset = Transform3D(1, 0, 0, 0, 1, 0, 0, 0, 1, 8.93248e-07, -1.03627e-07, 0.215404)
body_offset = Transform3D(1, -1.94134e-05, -2.03727e-07, -1.2177e-07, -3.71039e-06, -1, -5.7742e-08, 1, 3.42727e-07, -8.49366e-07, 0.215404, 2.98023e-08)

[node name="foot_L" parent="CultistBody/CultistRig/Skeleton3D" index="6"]
transform = Transform3D(0.958752, -0.0192793, -0.283611, 0.203224, -0.651178, 0.731228, -0.198763, -0.758726, -0.620381, 0.21055, 0.0738616, -0.060643)
joint_offset = Transform3D(1, 0, 0, 0, 1, 0, 0, 0, 1, -8.37623e-07, 1.41556e-07, 0.0787563)
body_offset = Transform3D(1.00001, -1.27107e-05, -1.49012e-07, 3.8743e-07, -7.15256e-06, -1, -7.45058e-08, 1.00003, 0, 8.49366e-07, 0.0787563, -1.41561e-07)

[node name="thigh_R" parent="CultistBody/CultistRig/Skeleton3D" index="7"]
transform = Transform3D(0.994512, 0.00465366, 0.104521, -0.104393, -0.0222453, 0.994294, 0.00695216, -0.999742, -0.0216381, -0.11274, 0.79497, -0.0595492)
joint_offset = Transform3D(1, 0, 0, 0, 1, 0, 0, 0, 1, 3.70646e-06, 1.86083e-05, 0.240687)
body_offset = Transform3D(1, -9.96515e-08, -6.02784e-07, 1.30225e-07, -5.84871e-07, -1.00001, 1.13621e-07, 1, -4.84288e-08, -3.56138e-06, 0.240688, -1.85966e-05)

[node name="shin_R" parent="CultistBody/CultistRig/Skeleton3D" index="8"]
transform = Transform3D(0.993143, 0.00432065, 0.116826, -0.116411, 0.12837, 0.98487, -0.0107416, -0.991717, 0.127992, -0.162626, 0.349947, -0.0814483)
joint_offset = Transform3D(1, 0, 0, 0, 1, 0, 0, 0, 1, 0.00032463, -0.000337772, 0.209038)
body_offset = Transform3D(1, -5.58794e-09, 1.0489e-07, -2.29338e-08, -4.91738e-07, -0.999999, -1.86265e-09, 1, 0, -0.000324652, 0.209038, 0.000337772)

[node name="foot_R" parent="CultistBody/CultistRig/Skeleton3D" index="9"]
transform = Transform3D(0.958754, 0.0192781, 0.28361, -0.203224, -0.651187, 0.731227, 0.198763, -0.758759, -0.62038, -0.21055, 0.0738655, -0.060637)
joint_offset = Transform3D(1, 0, 0, 0, 1, 0, 0, 0, 1, -9.12157e-08, 7.17209e-06, 0.0787571)
body_offset = Transform3D(1.00001, 6.83963e-06, 2.23517e-08, -1.19954e-06, -2.09212e-05, -1, -3.42727e-07, 1.00007, 2.98023e-08, 8.9407e-08, 0.0787571, -7.17491e-06)

[node name="Neck" parent="CultistBody/CultistRig/Skeleton3D" index="10"]
transform = Transform3D(1, 0, 0, 0, -0.368784, -0.929515, 0, 0.929515, -0.368783, 0, 1.64573, -0.0519135)
joint_offset = Transform3D(1, 0, 0, 0, 1, 0, 0, 0, 1, 0, -5.19191e-08, 0.0322354)
body_offset = Transform3D(1, 0, 0, 0, -6.55651e-07, -1, 0, 1, -2.38419e-07, 0, 0.0322354, 5.96046e-08)

[node name="Head" parent="CultistBody/CultistRig/Skeleton3D" index="11"]
transform = Transform3D(1, 0, 0, 0, -0.186599, -0.982436, 0, 0.982436, -0.186599, 0, 1.70571, -0.0343254)
joint_offset = Transform3D(1, 0, 0, 0, 1, 0, 0, 0, 1, 0, 4.55209e-09, 0.0305486)
body_offset = Transform3D(1, 0, 0, 0, -1.3411e-07, -1, 0, 1, -1.49012e-07, 0, 0.0305486, 0)

[node name="shoulder_L" parent="CultistBody/CultistRig/Skeleton3D" index="12"]
transform = Transform3D(0.473865, -0.0863733, -0.876859, 0.357359, 0.930177, 0.101618, 0.805005, -0.36093, 0.471237, 0.104132, 1.55245, -0.0324521)
joint_offset = Transform3D(1, 0, 0, 0, 1, 0, 0, 0, 1, 0.000585624, 0.00144998, 0.098593)
body_offset = Transform3D(0.934094, -0.354951, -0.0385033, 1.3411e-06, 0.108051, -0.994776, 0.357429, 0.930212, 0.101047, 0.0037638, 0.0979213, -0.0115206)

[node name="upper_arm_L" parent="CultistBody/CultistRig/Skeleton3D" index="13"]
transform = Transform3D(-0.305988, -0.0204861, -0.951815, -0.951893, -0.0107144, 0.306244, -0.0164685, 0.999665, -0.0162208, 0.345801, 1.49402, -0.0760599)
joint_offset = Transform3D(1, 0, 0, 0, 1, 0, 0, 0, 1, 2.00842e-07, -1.5963e-08, 0.16337)
body_offset = Transform3D(1, 2.09734e-06, 2.30008e-07, -2.21917e-07, -2.4233e-06, -1, 2.27988e-06, 0.999933, -3.91155e-08, -2.38419e-07, 0.16337, 2.23517e-08)

[node name="forearm_L" parent="CultistBody/CultistRig/Skeleton3D" index="14"]
transform = Transform3D(-0.182145, -0.118996, -0.976045, -0.981562, -0.0364986, 0.187625, -0.0579507, 0.992223, -0.110154, 0.654149, 1.41461, -0.0561595)
joint_offset = Transform3D(1, 0, 0, 0, 1, 0, 0, 0, 1, 2.0628e-07, -1.21543e-07, 0.156602)
body_offset = Transform3D(0.999999, 3.72529e-09, -5.56e-07, -4.34928e-07, -1.49012e-08, -1, 7.82311e-08, 1, 1.49012e-08, -1.19209e-07, 0.156602, 1.19209e-07)

[node name="hand_L" parent="CultistBody/CultistRig/Skeleton3D" index="15"]
transform = Transform3D(0.388709, 0.491498, -0.779871, 0.919956, -0.272729, 0.285216, -0.0724955, -0.827147, -0.557375, 0.825269, 1.37855, -0.0258526)
joint_offset = Transform3D(1, 0, 0, 0, 1, 0, 0, 0, 1, -2.15002e-06, 3.03611e-07, 0.0234252)
body_offset = Transform3D(-1.00004, 0.0441506, 0.0251437, 0.00038966, 0.495424, -0.868792, -0.050801, -0.8676, -0.494755, -0.000591159, 0.0203514, 0.0115899)

[node name="shoulder_R" parent="CultistBody/CultistRig/Skeleton3D" index="16"]
transform = Transform3D(0.473865, 0.0863733, 0.876859, -0.357359, 0.930177, 0.101618, -0.805005, -0.36093, 0.471237, -0.104132, 1.55245, -0.0324521)
joint_offset = Transform3D(1, 0, 0, 0, 1, 0, 0, 0, 1, -0.000585624, 0.00144998, 0.098593)
body_offset = Transform3D(0.934094, 0.354951, 0.0385033, -1.3411e-06, 0.108051, -0.994776, -0.357429, 0.930212, 0.101047, -0.0037638, 0.0979213, -0.0115206)

[node name="upper_arm_R" parent="CultistBody/CultistRig/Skeleton3D" index="17"]
transform = Transform3D(-0.305988, 0.0204861, 0.951815, 0.951893, -0.0107144, 0.306244, 0.0164685, 0.999665, -0.0162208, -0.345801, 1.49402, -0.0760599)
joint_offset = Transform3D(1, 0, 0, 0, 1, 0, 0, 0, 1, -2.00842e-07, -1.5963e-08, 0.16337)
body_offset = Transform3D(1, -2.09734e-06, -2.30008e-07, 2.21917e-07, -2.4233e-06, -1, -2.27988e-06, 0.999933, -3.91155e-08, 2.38419e-07, 0.16337, 2.23517e-08)

[node name="forearm_R" parent="CultistBody/CultistRig/Skeleton3D" index="18"]
transform = Transform3D(-0.182145, 0.118996, 0.976045, 0.981562, -0.0364986, 0.187625, 0.0579507, 0.992223, -0.110154, -0.654149, 1.41461, -0.0561595)
joint_offset = Transform3D(1, 0, 0, 0, 1, 0, 0, 0, 1, -2.0628e-07, -1.21543e-07, 0.156602)
body_offset = Transform3D(0.999999, -3.72529e-09, 5.56e-07, 4.34928e-07, -1.49012e-08, -1, -7.82311e-08, 1, 1.49012e-08, 1.19209e-07, 0.156602, 1.19209e-07)

[node name="hand_R" parent="CultistBody/CultistRig/Skeleton3D" index="19"]
transform = Transform3D(0.388709, -0.491498, 0.779871, -0.919956, -0.272729, 0.285216, 0.0724955, -0.827147, -0.557375, -0.825269, 1.37855, -0.0258526)
joint_offset = Transform3D(1, 0, 0, 0, 1, 0, 0, 0, 1, 2.15002e-06, 3.03611e-07, 0.0234252)
body_offset = Transform3D(-1.00004, -0.0441506, -0.0251437, -0.00038966, 0.495424, -0.868792, 0.050801, -0.8676, -0.494755, 0.000591159, 0.0203514, 0.0115899)

[node name="RollerBall" type="RigidBody3D" parent="." node_paths=PackedStringArray("NavigationAgent")]
collision_layer = 8
collision_mask = 9
mass = 2.0
angular_damp = 0.5
script = ExtResource("2_p71tf")
MaximumVelocity = 3.0
VelocityChange = 3.0
NavigationAgent = NodePath("NavigationAgent3D")

[node name="CollisionShape3D" type="CollisionShape3D" parent="RollerBall"]
transform = Transform3D(0.695005, 0, 0, 0, 0.695005, 0, 0, 0, 0.695005, 0, 0, 0)
shape = SubResource("SphereShape3D_iqvbu")

[node name="NavigationAgent3D" type="NavigationAgent3D" parent="RollerBall"]
avoidance_enabled = true

[node name="Damageable" type="Node" parent="RollerBall"]
script = ExtResource("3_mn57c")
ImpactEffect = ExtResource("4_hufux")

[node name="LimbPlacementController" type="Node" parent="." node_paths=PackedStringArray("EnemyBody", "LimbRaycast", "CurrentLimbs")]
script = ExtResource("5_agwod")
EnemyBody = NodePath("../RollerBall")
LimbRaycast = NodePath("../LimbPlacementRaycast")
BodyLength = 1.0
TargetOffsetDown = 2.5
CurrentLimbs = [NodePath("../LeftHand_Limb"), NodePath("../RightHand_Limb"), NodePath("../LeftFoot_Limb"), NodePath("../RightFoot_Limb")]
MinimumLimbStepDelay = 0.18

[node name="RightHand_Limb" type="Node" parent="."]
script = ExtResource("6_7ckyj")
ThisLimb = 1
ControlPointOffset = 0.6
BlendSpeed = 2.5

[node name="LeftHand_Limb" type="Node" parent="."]
script = ExtResource("6_7ckyj")
ControlPointOffset = 0.6
BlendSpeed = 2.5

[node name="RightFoot_Limb" type="Node" parent="."]
script = ExtResource("6_7ckyj")
ThisLimb = 3
ControlPointOffset = 0.5

[node name="LeftFoot_Limb" type="Node" parent="."]
script = ExtResource("6_7ckyj")
ThisLimb = 2
ControlPointOffset = 0.5

[node name="LimbPlacementRaycast" type="RayCast3D" parent="."]

[node name="ChestMarkerContainer" type="Node3D" parent="."]
transform = Transform3D(-1, 0, -8.74228e-08, 8.74228e-08, -4.37114e-08, -1, -3.82137e-15, -1, 4.37114e-08, 0, 0, 0)

[node name="ChestTarget" type="Node3D" parent="ChestMarkerContainer"]
transform = Transform3D(-1, -8.50279e-08, -2.03176e-08, 0, 0.232407, -0.972606, 8.74228e-08, -0.972606, -0.232407, 0, 0, 0)

[node name="RightHandTargetContainer" type="Marker3D" parent="."]
transform = Transform3D(1, 0, 0, 0, 0.999988, 0, 0, 0, 0.999988, 0, 0, 0)

[node name="Hand_R_Target" type="Node3D" parent="RightHandTargetContainer"]
transform = Transform3D(1.91069e-15, 4.37114e-08, -1, 1, -4.37114e-08, 0, -4.37114e-08, -1, -4.37114e-08, 0, 0, 0)

[node name="LeftHandTargetContainer" type="Marker3D" parent="."]
transform = Transform3D(-4.37114e-08, 0, -0.999988, 0, 0.999988, 0, 1, 0, -4.37109e-08, 0, 0, 0)

[node name="Hand_L_Target" type="Node3D" parent="LeftHandTargetContainer"]
transform = Transform3D(1.91069e-15, -4.37112e-08, 1, -1, -4.37112e-08, 0, 4.37115e-08, -0.999995, -4.37115e-08, 0, 0, 0)

[node name="RightFootTargetContainer" type="Marker3D" parent="."]
transform = Transform3D(1, 0, 0, 0, 0.999998, 0, 0, 0, 0.999998, 0, 0, 0)

[node name="Foot_R_Target" type="Node3D" parent="RightFootTargetContainer"]
transform = Transform3D(-4.37114e-08, -0.766044, 0.642788, 0, -0.642788, -0.766044, 1, -3.34849e-08, 2.80971e-08, 0, 0, 0)

[node name="LeftFootTargetContainer" type="Marker3D" parent="."]
transform = Transform3D(1, 0, 0, 0, 0.999998, 0, 0, 0, 0.999998, 0, 0, 0)

[node name="Foot_L_Target" type="Node3D" parent="LeftFootTargetContainer"]
transform = Transform3D(-4.37114e-08, 0.766044, -0.642788, 0, -0.642788, -0.766044, -1, -3.34849e-08, 2.80971e-08, 0, 0, 0)

[editable path="CultistBody"]
