[gd_scene load_steps=9 format=3 uid="uid://j3wkv2enaxu4"]

[ext_resource type="PackedScene" uid="uid://cb3r0jx5hl7iy" path="res://ScenePrefabs/Enemies/CultistBody.tscn" id="1_jrwgq"]
[ext_resource type="Script" path="res://Code/Helpers/SetTarget.gd" id="1_uydd8"]
[ext_resource type="Script" path="res://Code/Enemies/BasicEnemyNavigationAgent.gd" id="2_p71tf"]
[ext_resource type="Script" path="res://Code/Enemies/Damageable.gd" id="3_mn57c"]
[ext_resource type="PackedScene" uid="uid://cfgwxv8foypvp" path="res://ScenePrefabs/Effects/ImpactEffectEnemy.tscn" id="4_hufux"]
[ext_resource type="Script" path="res://Code/Enemies/LimbPlacementController.gd" id="5_agwod"]
[ext_resource type="Script" path="res://Code/Enemies/Limb.gd" id="6_7ckyj"]

[sub_resource type="SphereShape3D" id="SphereShape3D_iqvbu"]
radius = 1.2

[node name="Cultist" type="Node3D" node_paths=PackedStringArray("agent")]
script = ExtResource("1_uydd8")
agent = NodePath("RollerBall")

[node name="CultistBody" parent="." instance=ExtResource("1_jrwgq")]
transform = Transform3D(1.5, 0, 0, 0, 1.5, 0, 0, 0, 1.5, 0, 2.38419e-07, -7.45058e-09)

[node name="Chest" parent="CultistBody/CultistRig/Skeleton3D" index="2"]
transform = Transform3D(1, 0, 0, 0, 0.850692, 0.525643, 0, -0.525643, 0.850692, 0, 1.29442, -0.0556068)
joint_offset = Transform3D(1, 0, 0, 0, 1, 0, 0, 0, 1, 0, -4.2835e-05, 0.00111517)
body_offset = Transform3D(1, 0, 0, 0, 0.865357, 0.501133, 0, -0.501133, 0.865357, 0, -0.000521779, -0.000986483)

[node name="Hips" parent="CultistBody/CultistRig/Skeleton3D" index="3"]
transform = Transform3D(1, 2.39113e-07, -2.66454e-13, -3.79287e-08, 0.161185, 0.987274, 2.35382e-07, -1.00035, 0.159089, -2.31566e-09, 1.13894, -0.0815266)
joint_offset = Transform3D(1, 0, 0, 0, 1, 0, 0, 0, 1, 2.31612e-09, -1.71696e-06, 0.156829)
body_offset = Transform3D(1, -2.46497e-09, 3.09086e-13, -1.3145e-13, 7.7039e-06, -1.00001, 5.68434e-13, 1.01325, -2.39909e-06, -2.31617e-09, 0.156831, 2.11596e-06)

[node name="thigh_L" parent="CultistBody/CultistRig/Skeleton3D" index="4"]
transform = Transform3D(0.994512, -0.00465396, -0.104518, 0.104394, -0.0222458, 0.994258, -0.00695228, -0.999742, -0.0216369, 0.112732, 0.795002, -0.0595687)
joint_offset = Transform3D(1, 0, 0, 0, 1, 0, 0, 0, 1, 2.99071e-07, -1.52108e-08, 0.240662)
body_offset = Transform3D(1, -2.64496e-07, -1.28188e-07, -7.95902e-07, -8.3819e-08, -0.999971, -3.72529e-09, 1, -4.32134e-07, -2.68221e-07, 0.240655, 1.19209e-07)

[node name="shin_L" parent="CultistBody/CultistRig/Skeleton3D" index="5"]
transform = Transform3D(0.993143, -0.00434031, -0.116826, 0.116411, 0.128371, 0.984871, 0.0107417, -0.991717, 0.127992, 0.163048, 0.343596, -0.0819317)
joint_offset = Transform3D(1, 0, 0, 0, 1, 0, 0, 0, 1, 9.08424e-07, -1.29305e-07, 0.215404)
body_offset = Transform3D(1, -1.94134e-05, -2.05007e-07, -2.04076e-07, -3.71039e-06, -1, -5.02914e-08, 1, 4.61936e-07, -8.64267e-07, 0.215404, 2.98023e-08)

[node name="foot_L" parent="CultistBody/CultistRig/Skeleton3D" index="6"]
transform = Transform3D(0.958755, -0.0192907, -0.283611, 0.203225, -0.651203, 0.731227, -0.198763, -0.758764, -0.62038, 0.210551, 0.0738617, -0.0606431)
joint_offset = Transform3D(1, 0, 0, 0, 1, 0, 0, 0, 1, -1.31727e-06, 9.80768e-08, 0.0787564)
body_offset = Transform3D(1.00001, -2.13385e-05, -4.91738e-07, 4.17233e-07, -1.53184e-05, -1, -1.63913e-07, 1.00008, 2.68221e-07, 1.35601e-06, 0.0787564, -1.19209e-07)

[node name="thigh_R" parent="CultistBody/CultistRig/Skeleton3D" index="7"]
transform = Transform3D(0.994512, 0.00465366, 0.104521, -0.104393, -0.0222453, 0.994297, 0.00695216, -0.999742, -0.0216382, -0.11274, 0.794971, -0.0595492)
joint_offset = Transform3D(1, 0, 0, 0, 1, 0, 0, 0, 1, 3.67666e-06, 1.86121e-05, 0.240686)
body_offset = Transform3D(1, -9.96515e-08, -6.02784e-07, 1.30225e-07, -5.84871e-07, -1.00001, 1.13621e-07, 1, -4.84288e-08, -3.53158e-06, 0.240688, -1.86004e-05)

[node name="shin_R" parent="CultistBody/CultistRig/Skeleton3D" index="8"]
transform = Transform3D(0.993143, 0.00432068, 0.116826, -0.116411, 0.12837, 0.984869, -0.0107416, -0.991717, 0.127992, -0.161981, 0.360356, -0.0804972)
joint_offset = Transform3D(1, 0, 0, 0, 1, 0, 0, 0, 1, 0.000905796, -0.000733547, 0.198589)
body_offset = Transform3D(1, 5.58794e-09, 2.32249e-07, -2.29338e-08, -6.10948e-07, -0.999999, -1.86265e-09, 1, 0, -0.000905842, 0.198589, 0.000733547)

[node name="foot_R" parent="CultistBody/CultistRig/Skeleton3D" index="9"]
transform = Transform3D(0.958756, 0.0193021, 0.28361, -0.203224, -0.651235, 0.731227, 0.198762, -0.758829, -0.62038, -0.21055, 0.0738655, -0.0606371)
joint_offset = Transform3D(1, 0, 0, 0, 1, 0, 0, 0, 1, -1.68448e-08, 7.13424e-06, 0.0787571)
body_offset = Transform3D(1.00001, 2.57045e-05, 2.23517e-08, -2.6226e-06, -3.59118e-05, -1, 3.8743e-07, 1.00015, 2.98023e-08, 1.49012e-08, 0.0787571, -7.13766e-06)

[node name="Neck" parent="CultistBody/CultistRig/Skeleton3D" index="10"]
transform = Transform3D(1, -2.98023e-07, -3.8743e-07, -2.11074e-07, -0.368788, -0.929515, -2.76117e-07, 0.929524, -0.368784, 1.07288e-06, 1.64574, -0.0519262)
joint_offset = Transform3D(1, 0, 0, 0, 1, 0, 0, 0, 1, -1.06039e-06, 1.29725e-05, 0.0322337)
body_offset = Transform3D(1, -2.98023e-07, -3.8743e-07, -2.98024e-07, -8.64267e-07, -1, -1.78814e-07, 1.00001, -1.19209e-06, 1.07288e-06, 0.0322337, -1.29342e-05)

[node name="Head" parent="CultistBody/CultistRig/Skeleton3D" index="11"]
transform = Transform3D(1, 2.08616e-07, 2.84217e-14, 5.00506e-08, -0.186599, -0.982436, -2.63515e-07, 0.982436, -0.186599, -2.98023e-08, 1.70572, -0.0343221)
joint_offset = Transform3D(1, 0, 0, 0, 1, 0, 0, 0, 1, 2.98025e-08, -9.13853e-07, 0.0305612)
body_offset = Transform3D(1, 2.08616e-07, 2.84217e-14, -1.52767e-13, -2.98023e-08, -1, -2.68226e-07, 1, -3.27826e-07, -2.98023e-08, 0.0305612, 9.23872e-07)

[node name="shoulder_L" parent="CultistBody/CultistRig/Skeleton3D" index="12"]
transform = Transform3D(0.473865, -0.0863732, -0.876859, 0.35736, 0.930176, 0.101618, 0.805005, -0.360931, 0.471237, 0.104132, 1.55245, -0.0324521)
joint_offset = Transform3D(1, 0, 0, 0, 1, 0, 0, 0, 1, 0.000585247, 0.00145001, 0.0985937)
body_offset = Transform3D(0.934094, -0.354951, -0.0385033, 1.3411e-06, 0.108051, -0.994776, 0.357429, 0.930212, 0.101047, 0.00376419, 0.097922, -0.0115206)

[node name="upper_arm_L" parent="CultistBody/CultistRig/Skeleton3D" index="13"]
transform = Transform3D(-0.305988, -0.0204901, -0.951815, -0.951893, -0.0107198, 0.306244, -0.0164685, 0.999892, -0.0162208, 0.345801, 1.49402, -0.0760599)
joint_offset = Transform3D(1, 0, 0, 0, 1, 0, 0, 0, 1, 2.00843e-07, -1.5655e-08, 0.16337)
body_offset = Transform3D(1, 4.79631e-06, 2.30008e-07, -2.21917e-07, -8.36328e-07, -1, 2.27988e-06, 1.00016, -4.09782e-08, -2.38419e-07, 0.16337, 2.23517e-08)

[node name="forearm_L" parent="CultistBody/CultistRig/Skeleton3D" index="14"]
transform = Transform3D(-0.182145, -0.118996, -0.976044, -0.981562, -0.0364987, 0.187626, -0.0579508, 0.992224, -0.110154, 0.654149, 1.41461, -0.0561595)
joint_offset = Transform3D(1, 0, 0, 0, 1, 0, 0, 0, 1, 5.07308e-07, -1.02874e-07, 0.156602)
body_offset = Transform3D(0.999999, 3.35276e-08, -2.47825e-06, -5.30854e-07, -1.49012e-08, -1, 3.72529e-09, 1, -1.04308e-07, -1.19209e-07, 0.156602, 1.19209e-07)

[node name="hand_L" parent="CultistBody/CultistRig/Skeleton3D" index="15"]
transform = Transform3D(0.388708, 0.491516, -0.779876, 0.919952, -0.272735, 0.285218, -0.0724954, -0.82716, -0.557377, 0.825269, 1.37855, -0.0258526)
joint_offset = Transform3D(1, 0, 0, 0, 1, 0, 0, 0, 1, -2.13122e-06, 3.3807e-07, 0.0234251)
body_offset = Transform3D(-1.00004, 0.0441485, 0.0251445, 0.000389577, 0.495441, -0.868797, -0.050801, -0.867614, -0.494756, -0.000591159, 0.0203515, 0.0115899)

[node name="shoulder_R" parent="CultistBody/CultistRig/Skeleton3D" index="16"]
transform = Transform3D(0.473865, 0.0863732, 0.876859, -0.35736, 0.930176, 0.101618, -0.805005, -0.360931, 0.471237, -0.104132, 1.55245, -0.0324521)
joint_offset = Transform3D(1, 0, 0, 0, 1, 0, 0, 0, 1, -0.000585247, 0.00145001, 0.0985937)
body_offset = Transform3D(0.934094, 0.354951, 0.0385033, -1.3411e-06, 0.108051, -0.994776, -0.357429, 0.930212, 0.101047, -0.00376419, 0.097922, -0.0115206)

[node name="upper_arm_R" parent="CultistBody/CultistRig/Skeleton3D" index="17"]
transform = Transform3D(-0.305992, 0.0204968, 0.951815, 0.951902, -0.010728, 0.306244, 0.016471, 1.00032, -0.0162261, -0.345778, 1.49403, -0.0760594)
joint_offset = Transform3D(1, 0, 0, 0, 1, 0, 0, 0, 1, -1.64746e-07, -5.80753e-08, 0.163346)
body_offset = Transform3D(1.00001, -7.55303e-06, 2.78786e-07, 1.21575e-06, 2.224e-06, -1, 1.49012e-08, 1.00059, -5.34579e-06, 1.19209e-07, 0.163346, 9.31323e-07)

[node name="forearm_R" parent="CultistBody/CultistRig/Skeleton3D" index="18"]
transform = Transform3D(-0.18215, 0.118997, 0.976052, 0.981572, -0.0365016, 0.187636, 0.0579526, 0.992223, -0.110156, -0.65413, 1.41463, -0.0561603)
joint_offset = Transform3D(1, 0, 0, 0, 1, 0, 0, 0, 1, -1.66699e-05, -7.79946e-07, 0.156577)
body_offset = Transform3D(1.00001, -3.07336e-06, 1.05356e-05, 3.55206e-06, -1.19209e-07, -1.00001, 8.82894e-07, 1, -1.49012e-06, 1.50204e-05, 0.156579, 1.01328e-06)

[node name="hand_R" parent="CultistBody/CultistRig/Skeleton3D" index="19"]
transform = Transform3D(0.388714, -0.491534, 0.779901, -0.919971, -0.272741, 0.285225, 0.072497, -0.827166, -0.557387, -0.825277, 1.37856, -0.0258501)
joint_offset = Transform3D(1, 0, 0, 0, 1, 0, 0, 0, 1, 1.3606e-05, 1.2815e-06, 0.0234291)
body_offset = Transform3D(-1.00006, -0.0441476, -0.0251473, -0.000388378, 0.49546, -0.868824, 0.0508021, -0.867622, -0.494765, 0.000602841, 0.0203551, 0.0115923)

[node name="hand_R_IK" parent="CultistBody/CultistRig/Skeleton3D" index="20"]
target_node = NodePath("../../../../RightHandTargetContainer/Hand_R_Target")

[node name="hand_L_IK" parent="CultistBody/CultistRig/Skeleton3D" index="21"]
target_node = NodePath("../../../../LeftHandTargetContainer/Hand_L_Target")

[node name="foot_R_IK" parent="CultistBody/CultistRig/Skeleton3D" index="22"]
target_node = NodePath("../../../../RightFootTargetContainer/Foot_R_Target")

[node name="foot_L_IK" parent="CultistBody/CultistRig/Skeleton3D" index="23"]
target_node = NodePath("../../../../LeftFootTargetContainer/Foot_L_Target")

[node name="Head_IK" parent="CultistBody/CultistRig/Skeleton3D" index="24"]
target_node = NodePath("../../../../HeadMarkerContainer/HeadTarget")

[node name="RollerBall" type="RigidBody3D" parent="." node_paths=PackedStringArray("NavigationAgent")]
collision_layer = 8
collision_mask = 9
mass = 2.0
gravity_scale = 1.2
angular_damp = 0.5
script = ExtResource("2_p71tf")
MaximumVelocity = 3.0
VelocityChange = 3.0
NavigationAgent = NodePath("NavigationAgent3D")

[node name="CollisionShape3D" type="CollisionShape3D" parent="RollerBall"]
transform = Transform3D(0.695005, 0, 0, 0, 0.695005, 0, 0, 0, 0.695005, 0, 0, 0)
shape = SubResource("SphereShape3D_iqvbu")

[node name="NavigationAgent3D" type="NavigationAgent3D" parent="RollerBall"]
path_desired_distance = 4.0
avoidance_enabled = true

[node name="Damageable" type="Node" parent="RollerBall"]
script = ExtResource("3_mn57c")
ImpactEffect = ExtResource("4_hufux")

[node name="LimbPlacementController" type="Node" parent="." node_paths=PackedStringArray("Skeleton", "ChestBone", "HeadIKSolver", "ChestTargetPoint", "ChestTargetContainer", "HeadTargetContainer", "EnemyBody", "LimbRaycast", "CurrentLimbs")]
script = ExtResource("5_agwod")
Skeleton = NodePath("../CultistBody/CultistRig/Skeleton3D")
ChestBone = NodePath("../CultistBody/CultistRig/Skeleton3D/Chest")
HeadIKSolver = NodePath("../CultistBody/CultistRig/Skeleton3D/Head_IK")
ChestTargetPoint = NodePath("../ChestMarkerContainer/ChestTarget")
ChestTargetContainer = NodePath("../ChestMarkerContainer")
HeadTargetContainer = NodePath("../HeadMarkerContainer")
JumpVelocity = 10.0
StepBouncePower = 7.0
TorsoBounceVisualStrength = 0.2
TorsoLerpSpeed = 12.0
TorsoRotationLerpSpeed = 8.0
HeadRotationLerpSpeed = 2.0
EnemyBody = NodePath("../RollerBall")
LimbRaycast = NodePath("../LimbPlacementRaycast")
BodyLength = 1.0
ShoulderBodyWidth = 0.5
TargetOffsetDown = 2.5
CurrentLimbs = [NodePath("../LeftHand_Limb"), NodePath("../RightHand_Limb"), NodePath("../LeftFoot_Limb"), NodePath("../RightFoot_Limb")]
MinimumLimbStepDelay = 0.17
VelocityAccountingMultiplier = 0.45

[node name="RightHand_Limb" type="Node" parent="." node_paths=PackedStringArray("LimbIKContainer", "Skeleton", "LimbIKSolver")]
script = ExtResource("6_7ckyj")
LimbIKContainer = NodePath("../RightHandTargetContainer")
Skeleton = NodePath("../CultistBody/CultistRig/Skeleton3D")
LimbIKSolver = NodePath("../CultistBody/CultistRig/Skeleton3D/hand_R_IK")
LimbIKMagnetOffset = Vector3(1, 1, 0.5)
LimbIKTargetOffset = Vector3(0, 0.1, 0)
AllowedIKInaccuracies = 0.5
EnemyBodyOriginVelocityBias = 0.7
EnemyBodyDesiredVelocityBias = 0.2
ThisLimb = 1
TargetPointOffsetMinimumDistance = 0.3
ControlPointOffsetMinimumDistance = 1.5
ControlPointOffset = 0.4
BlendSpeed = 3.5
MinimumMovementDistance = 0.4

[node name="LeftHand_Limb" type="Node" parent="." node_paths=PackedStringArray("LimbIKContainer", "Skeleton", "LimbIKSolver")]
script = ExtResource("6_7ckyj")
LimbIKContainer = NodePath("../LeftHandTargetContainer")
Skeleton = NodePath("../CultistBody/CultistRig/Skeleton3D")
LimbIKSolver = NodePath("../CultistBody/CultistRig/Skeleton3D/hand_L_IK")
LimbIKMagnetOffset = Vector3(-1, 1, 0.5)
LimbIKTargetOffset = Vector3(0, 0.1, 0)
AllowedIKInaccuracies = 0.5
EnemyBodyOriginVelocityBias = 0.7
EnemyBodyDesiredVelocityBias = 0.2
TargetPointOffsetMinimumDistance = 0.3
ControlPointOffsetMinimumDistance = 1.5
ControlPointOffset = 0.4
BlendSpeed = 3.5
MinimumMovementDistance = 0.4

[node name="RightFoot_Limb" type="Node" parent="." node_paths=PackedStringArray("LimbIKContainer", "Skeleton", "LimbIKSolver")]
script = ExtResource("6_7ckyj")
LimbIKContainer = NodePath("../RightFootTargetContainer")
Skeleton = NodePath("../CultistBody/CultistRig/Skeleton3D")
LimbIKSolver = NodePath("../CultistBody/CultistRig/Skeleton3D/foot_R_IK")
LimbIKMagnetOffset = Vector3(1, 0.5, -1)
LimbIKTargetOffset = Vector3(0, 0.15, 0)
AllowedIKInaccuracies = 0.5
EnemyBodyOriginVelocityBias = 0.7
EnemyBodyDesiredVelocityBias = 0.9
ThisLimb = 3
TargetPointOffsetMinimumDistance = 0.4
ControlPointOffsetMinimumDistance = 1.5
ControlPointOffset = 0.25
BlendSpeed = 4.5

[node name="LeftFoot_Limb" type="Node" parent="." node_paths=PackedStringArray("LimbIKContainer", "Skeleton", "LimbIKSolver")]
script = ExtResource("6_7ckyj")
LimbIKContainer = NodePath("../LeftFootTargetContainer")
Skeleton = NodePath("../CultistBody/CultistRig/Skeleton3D")
LimbIKSolver = NodePath("../CultistBody/CultistRig/Skeleton3D/foot_L_IK")
LimbIKMagnetOffset = Vector3(-1, 0.5, -1)
LimbIKTargetOffset = Vector3(0, 0.15, 0)
AllowedIKInaccuracies = 0.5
EnemyBodyOriginVelocityBias = 0.7
EnemyBodyDesiredVelocityBias = 0.9
ThisLimb = 2
TargetPointOffsetMinimumDistance = 0.4
ControlPointOffsetMinimumDistance = 1.5
ControlPointOffset = 0.25
BlendSpeed = 4.5

[node name="LimbPlacementRaycast" type="RayCast3D" parent="."]

[node name="ChestMarkerContainer" type="Marker3D" parent="."]
transform = Transform3D(-1, 0, -8.74228e-08, 8.74228e-08, -4.37114e-08, -1, -3.82137e-15, -1, 4.37114e-08, 0, 0, 0)

[node name="ChestTarget" type="Node3D" parent="ChestMarkerContainer"]
transform = Transform3D(-1, -8.50279e-08, -2.03176e-08, 0, 0.232407, -0.972606, 8.74228e-08, -0.972606, -0.232407, 0, 0, 0)

[node name="HeadMarkerContainer" type="Marker3D" parent="."]
transform = Transform3D(-1, 0, -8.74228e-08, 0, 1, 0, 8.74228e-08, 0, -1, 0, 0, 0)

[node name="HeadTarget" type="Node3D" parent="HeadMarkerContainer"]
transform = Transform3D(-1, 0, 8.74217e-08, 0, 0.999988, 0, -8.74228e-08, 0, -0.999988, 0, 0, -1.664)

[node name="RightHandTargetContainer" type="Marker3D" parent="."]
transform = Transform3D(1, 0, 0, 0, 0.999988, 0, 0, 0, 0.999988, 0, 0, 0)

[node name="Hand_R_Target" type="Node3D" parent="RightHandTargetContainer"]
transform = Transform3D(0, -2.98023e-08, -1, 1, -4.37114e-08, 0, -4.37114e-08, -1, 2.98023e-08, 0, 0, 0)

[node name="LeftHandTargetContainer" type="Marker3D" parent="."]
transform = Transform3D(-4.37114e-08, 0, -0.999988, 0, 0.999988, 0, 1, 0, -4.37109e-08, 0, 0, 0)

[node name="Hand_L_Target" type="Node3D" parent="LeftHandTargetContainer"]
transform = Transform3D(1.91069e-15, -4.37112e-08, 1, -1, -4.37112e-08, 0, 4.37115e-08, -0.999995, -4.37115e-08, 0, 0, 0)

[node name="RightFootTargetContainer" type="Marker3D" parent="."]
transform = Transform3D(1, 0, 0, 0, 0.999998, 0, 0, 0, 0.999998, 0, 0, 0)

[node name="Foot_R_Target" type="Node3D" parent="RightFootTargetContainer"]
transform = Transform3D(-4.37114e-08, -0.766044, 0.642788, 0, -0.642788, -0.766044, 1, -3.34849e-08, 2.80971e-08, 0, 0, 0)

[node name="LeftFootTargetContainer" type="Marker3D" parent="."]
transform = Transform3D(1, 0, 0, 0, 0.999998, 0, 0, 0, 0.999998, 0, 0, 0)

[node name="Foot_L_Target" type="Node3D" parent="LeftFootTargetContainer"]
transform = Transform3D(-4.37114e-08, 0.766044, -0.642788, 0, -0.642788, -0.766044, -1, -3.34849e-08, 2.80971e-08, 0, 0, 0)

[editable path="CultistBody"]
